%YAML:1.0
---
depthShift: -2.4973913350529973e+01
