%YAML:1.0
---
cameraMatrix: !!opencv-matrix
   rows: 3
   cols: 3
   dt: d
   data: [ 3.6512158525272957e+02, 0., 2.5582210321928576e+02, 0.,
       3.6502516931544818e+02, 2.0403714532377998e+02, 0., 0., 1. ]
distortionCoefficients: !!opencv-matrix
   rows: 1
   cols: 5
   dt: d
   data: [ 1.0398215585789732e-01, -2.5551569143172653e-01,
       7.5172568930520424e-04, -1.8368725388028954e-04,
       6.1030458198677402e-03 ]
rotation: !!opencv-matrix
   rows: 3
   cols: 3
   dt: d
   data: [ 1., 0., 0., 0., 1., 0., 0., 0., 1. ]
projection: !!opencv-matrix
   rows: 4
   cols: 4
   dt: d
   data: [ 3.6512158525272957e+02, 0., 2.5582210321928576e+02, 0., 0.,
       3.6502516931544818e+02, 2.0403714532377998e+02, 0., 0., 0., 1.,
       0., 0., 0., 0., 1. ]
