%YAML:1.0
cameraMatrix: !!opencv-matrix
   rows: 3
   cols: 3
   dt: d
   data: [ 1.0561980914641024e+03, 0., 9.4426761275297940e+02, 0.,
       1.0575408977159755e+03, 5.3291545333244630e+02, 0., 0., 1. ]
distortionCoefficients: !!opencv-matrix
   rows: 1
   cols: 5
   dt: d
   data: [ 3.2321187813410826e-02, -1.8712745340098196e-02,
       6.2493087507614717e-04, 1.2331710400644979e-03,
       -1.8433102733265892e-02 ]
rotation: !!opencv-matrix
   rows: 3
   cols: 3
   dt: d
   data: [ 1., 0., 0., 0., 1., 0., 0., 0., 1. ]
projection: !!opencv-matrix
   rows: 4
   cols: 4
   dt: d
   data: [ 1.0599465578241038e+03, 0., 9.5488326677588441e+02, 0., 0.,
       1.0539326808799726e+03, 5.2373858291060583e+02, 0., 0., 0., 1.,
       0., 0., 0., 0., 1. ]
