%YAML:1.0
cameraMatrix: !!opencv-matrix
   rows: 3
   cols: 3
   dt: d
   data: [ 1.0476048318746361e+03, 0., 9.4742626245130771e+02, 0.,
       1.0485184366327655e+03, 5.6620349893084074e+02, 0., 0., 1. ]
distortionCoefficients: !!opencv-matrix
   rows: 1
   cols: 5
   dt: d
   data: [ 4.6453599869210632e-02, -4.8603168734577332e-02,
       6.6254130918140812e-04, -1.4118737013605149e-03,
       -3.4060458815361413e-03 ]
rotation: !!opencv-matrix
   rows: 3
   cols: 3
   dt: d
   data: [ 1., 0., 0., 0., 1., 0., 0., 0., 1. ]
projection: !!opencv-matrix
   rows: 4
   cols: 4
   dt: d
   data: [ 1.0599465578241038e+03, 0., 9.5488326677588441e+02, 0., 0.,
       1.0539326808799726e+03, 5.2373858291060583e+02, 0., 0., 0., 1.,
       0., 0., 0., 0., 1. ]
