%YAML:1.0
---
time: "2020年07月08日 星期三 16时31分02秒"
image_width: 1280
image_height: 960
cameraMatrix: !!opencv-matrix
   rows: 3
   cols: 3
   dt: d
   data: [ 1.4212673919432768e+03, 0., 6.6919399774968952e+02, 0.,
       1.4200941883011269e+03, 4.9281122990898785e+02, 0., 0., 1. ]
distCoeffs: !!opencv-matrix
   rows: 5
   cols: 1
   dt: d
   data: [ -6.9998445942761871e-03, 5.7190053200923199e-02,
       8.1106198326906900e-04, 4.9764755587529382e-03,
       -1.7446651936751376e-01 ]
