%YAML:1.0
---
calibration_time: "Wed Jul  8 23:25:22 2020"
frame_count: 54
image_width: 1920
image_height: 1080
board_width: 6
board_height: 9
square_size: 20.
rms: 1.5957064725255218e-01
cameraMatrix: !!opencv-matrix
   rows: 3
   cols: 3
   dt: d
   data: [ 1.0576841952830018e+03, 0., 9.4171477071387096e+02, 0.,
       1.0584458820541636e+03, 5.2352886666249469e+02, 0., 0., 1. ]
distCoeffs: !!opencv-matrix
   rows: 5
   cols: 1
   dt: d
   data: [ 3.9669688509742340e-02, -2.8088398043683682e-02,
       -1.8103453065705208e-03, 8.3121691872883928e-05,
       -1.4694048049396559e-02 ]
