%YAML:1.0
---
calibration_time: "Thu Jul  9 20:53:18 2020"
Angle: 3.1166799348775833e+00
AxisX: 9.9987503366242036e-01
AxisY: 6.2525835100530908e-03
AxisZ: -1.4519719626205541e-02
TranslationX: -2.0709021106136737e+02
TranslationY: -2.0089574716652254e+02
TranslationZ: 1.2140249236820448e+03
