%YAML:1.0
---
calibration_time: "Fri Jul 10 19:13:55 2020"
Angle: 3.1356901954092882e+00
AxisX: -9.9996996384714343e-01
AxisY: -6.4959599415657342e-03
AxisZ: -4.2277544843778523e-03
TranslationX: -2.1709339126572459e+02
TranslationY: -2.5220845921239621e+02
TranslationZ: 1.2202520725491474e+03
