%YAML:1.0
---
calibration_time: "Tue Jul 21 15:09:30 2020"
frame_count: 60
image_width: 1920
image_height: 1080
board_width: 6
board_height: 9
square_size: 20.
rms: 1.2080106724261146e-01
cameraMatrix: !!opencv-matrix
   rows: 3
   cols: 3
   dt: d
   data: [ 1.0559770133085560e+03, 0., 9.4354406395265005e+02, 0.,
       1.0572581278994355e+03, 5.3305657200616622e+02, 0., 0., 1. ]
distCoeffs: !!opencv-matrix
   rows: 5
   cols: 1
   dt: d
   data: [ 2.7586118575507777e-02, -2.0723718526815971e-03,
       7.3785094517489610e-04, 1.1082037672689841e-03,
       -3.7098822961964838e-02 ]
