%YAML:1.0
---
calibration_time: "Wed Jul  8 23:27:47 2020"
Angle: 3.1108838095453786e+00
AxisX: 9.9993040827451596e-01
AxisY: 8.8482582223050818e-03
AxisZ: -7.8030080348103215e-03
TranslationX: -3.5228360051133802e+02
TranslationY: -2.0194551374901911e+02
TranslationZ: 1.2211505124988596e+03
