%YAML:1.0
---
calibration_time: "Tue Jul 21 15:10:27 2020"
Angle: 3.1354643261166100e+00
AxisX: 9.9995420644796928e-01
AxisY: 6.9848610741646512e-03
AxisZ: 6.5419204203870512e-03
TranslationX: -2.2533910325145919e+02
TranslationY: -2.1568049999430761e+02
TranslationZ: 1.2190305186608682e+03
