%YAML:1.0
---
calibration_time: "Mon Jul  6 19:35:07 2020"
Angle: 3.1229429175661423e+00
AxisX: 9.9997661190746179e-01
AxisY: 6.8377136515993687e-03
AxisZ: -1.4597976631706709e-04
TranslationX: -3.6724415250067949e+02
TranslationY: -2.2223172528565729e+02
TranslationZ: 1.2227301594588923e+03
