%YAML:1.0
---
calibration_time: "Mon Jul  6 19:33:01 2020"
frame_count: 58
image_width: 1920
image_height: 1080
board_width: 6
board_height: 9
square_size: 20.
rms: 1.5700391050969187e-01
cameraMatrix: !!opencv-matrix
   rows: 3
   cols: 3
   dt: d
   data: [ 1.0583036501111585e+03, 0., 9.4054257763363535e+02, 0.,
       1.0588477963955877e+03, 5.2459454858934112e+02, 0., 0., 1. ]
distCoeffs: !!opencv-matrix
   rows: 5
   cols: 1
   dt: d
   data: [ 4.1094366103876130e-02, -3.0271144503440199e-02,
       -1.7327219153286182e-03, -4.1141035530947896e-04,
       -1.3121867383884349e-02 ]
