%YAML:1.0
---
calibration_time: "Thu Jul  9 20:50:09 2020"
frame_count: 56
image_width: 1920
image_height: 1080
board_width: 6
board_height: 9
square_size: 20.
rms: 2.4358157466744956e-01
cameraMatrix: !!opencv-matrix
   rows: 3
   cols: 3
   dt: d
   data: [ 1.0529033922565775e+03, 0., 9.3956277008681707e+02, 0.,
       1.0533873094896992e+03, 5.1873749034265063e+02, 0., 0., 1. ]
distCoeffs: !!opencv-matrix
   rows: 5
   cols: 1
   dt: d
   data: [ 2.7058294482422817e-02, 1.3324292569597618e-03,
       -4.1258890229622629e-03, -3.4416045313894452e-05,
       -4.5424293768053514e-02 ]
