%YAML:1.0
---
calibration_time: "Wed Jun 24 16:49:19 2020"
Angle: 3.1042508748917284e+00
AxisX: -9.9994736384323690e-01
AxisY: -3.0251795393932126e-03
AxisZ: 9.8039702016881874e-03
TranslationX: -1.8421194094083583e+02
TranslationY: -2.6602311548112328e+02
TranslationZ: 1.1808528429505222e+03
