%YAML:1.0
---
calibration_time: "Fri Jul 10 19:13:43 2020"
frame_count: 60
image_width: 1920
image_height: 1080
board_width: 6
board_height: 9
square_size: 20.
rms: 1.2483052487885919e-01
cameraMatrix: !!opencv-matrix
   rows: 3
   cols: 3
   dt: d
   data: [ 1.0561980914641024e+03, 0., 9.4426761275297940e+02, 0.,
       1.0575408977159755e+03, 5.3291545333244630e+02, 0., 0., 1. ]
distCoeffs: !!opencv-matrix
   rows: 5
   cols: 1
   dt: d
   data: [ 3.2321187813410826e-02, -1.8712745340098196e-02,
       6.2493087507614717e-04, 1.2331710400644979e-03,
       -1.8433102733265892e-02 ]
