%YAML:1.0
---
time: "2020年07月13日 星期一 14时34分45秒"
image_width: 1280
image_height: 720
cameraMatrix: !!opencv-matrix
   rows: 3
   cols: 3
   dt: d
   data: [ 1.4292452281580436e+03, 0., 6.3779945691363878e+02, 0.,
       1.4299496653334040e+03, 4.0885870902509140e+02, 0., 0., 1. ]
distCoeffs: !!opencv-matrix
   rows: 5
   cols: 1
   dt: d
   data: [ -1.7216306760505651e-01, 3.8721873727076400e-01,
       8.2316134233809070e-04, -4.6363980158779859e-04,
       -1.6428868286626035e+00 ]
